solver_type L2R_L2LOSS_SVC_DUAL
nr_class 2
label 1 -1
nr_feature 36
bias -1
w
0.240976282738003 
0.3815507575621053 
0.1116876261406839 
0.1108846745219449 
0.06013417006151966 
0.01547941003531113 
0.186237011802739 
0.5726732547327468 
0.06887071125798343 
0.4413470522208491 
0.480834159785182 
0.05695337053394341 
0.3076190482461846 
0.4898452833628339 
0.7493228433070306 
0.09453507221175503 
0.1870078266952556 
0.2231979946801784 
-0.01125528176937714 
-0.2434749863232939 
0.6301194719242169 
0.02673708846023534 
0.2635621519088857 
-0.1058843512655094 
0.211766127472998 
0.1444340512149416 
0.6327709194087193 
-0.03622991695617662 
0.2634418272410999 
-0.0260423586329473 
0.4417443934687201 
0.1959717075613638 
0.3001134618283525 
0.5256086452623102 
-0.3142639007306072 
0.04207237509870521 

